1.38 1.2128555
1.93 1.2289105
2.48 1.2710759999999999
3.03 1.291018
3.58 1.2762305
4.13 1.287807
4.68 1.2922855
5.23 1.3015805
5.78 1.3189875
6.33 1.335634
6.88 1.348816
7.43 1.3686734999999999
7.98 1.3643640000000001
8.53 1.372645
9.08 1.379405
9.63 1.38194
10.18 1.4077125
10.73 1.4043325
11.28 1.408304
11.83 1.411853
12.38 1.4224999999999999
12.93 1.4202185
13.48 1.4137965000000001
14.03 1.4273165
14.58 1.4376255
15.13 1.4372875
15.68 1.4440475
16.23 1.4518214999999999
16.78 1.4540185
17.33 1.4469205
17.88 1.4597645
18.43 1.471679
18.98 1.471003
19.53 1.4737915
20.08 1.480298
20.63 1.479115
21.18 1.4884944999999998
21.73 1.4971135
22.28 1.4996485000000002
22.83 1.505141
23.38 1.504127
23.93 1.520351
24.48 1.5037045
25.03 1.520858
25.58 1.5228015
26.13 1.518323
26.68 1.5234775
27.23 1.534716
27.78 1.53404
28.33 1.5359835
28.88 1.55094
29.43 1.5387719999999998
29.98 1.5546579999999999
30.53 1.5517005
31.08 1.5571929999999998
31.63 1.557531
32.18 1.5555875000000001
32.73 1.564629
33.28 1.5687695000000001
33.83 1.573586
34.38 1.573586
34.93 1.5887115
35.48 1.58136
36.03 1.5819515
36.58 1.589979
37.13 1.5826275
37.68 1.6025695
38.23 1.5893875
38.78 1.600964
39.33 1.597077
39.88 1.5951335
40.43 1.603161
40.98 1.590655
41.53 1.609921
42.08 1.6054425
42.63 1.6176105
43.18 1.624117
43.73 1.6147375
44.28 1.6182865
44.83 1.619216
45.38 1.624117
45.93 1.6138080000000001
46.48 1.6350175
47.03 1.6318065000000002
47.58 1.6298629999999998
48.13 1.6436365
48.68 1.6267365
49.23 1.6414395
49.78 1.636285
50.33 1.6439745000000001
50.88 1.650143
51.43 1.6478614999999999
51.98 1.6613815
52.53 1.6507345
53.08 1.6649305
53.63 1.656227
54.18 1.6674655
54.73 1.6710145
55.28 1.6684795000000001
55.83 1.669071
56.38 1.67262
56.93 1.6703385
57.48 1.6736339999999998
58.03 1.67938
58.58 1.6738875
59.13 1.6845345
59.68 1.682591
60.23 1.680563
60.78 1.6920549999999999
61.33 1.690027
61.88 1.6923085
62.43 1.6859709999999999
62.98 1.6912945000000001
63.53 1.7093775
64.08 1.687154
64.63 1.6983925
65.18 1.6954349999999998
65.73 1.695773
66.28 1.705406
