# Model 4: A = 0.992, B = 0.848
# Depth [m], Refractive Index
0.0000 1.2641
1.0000 1.2541
2.0000 1.2783
3.0000 1.3347
4.0000 1.2825
5.0000 1.3298
6.0000 1.3961
7.0000 1.3824
8.0000 1.3939
9.0000 1.4013
10.0000 1.4132
11.0000 1.4217
12.0000 1.4337
13.0000 1.4440
14.0000 1.4489
15.0000 1.4566
16.0000 1.4628
17.0000 1.4673
18.0000 1.4748
19.0000 1.4831
20.0000 1.4863
21.0000 1.4891
22.0000 1.4914
23.0000 1.4988
24.0000 1.5075
25.0000 1.5099
26.0000 1.5146
27.0000 1.5191
28.0000 1.5224
29.0000 1.5261
30.0000 1.5310
31.0000 1.5402
32.0000 1.5410
33.0000 1.5418
34.0000 1.5485
35.0000 1.5546
36.0000 1.5607
37.0000 1.5667
38.0000 1.5731
39.0000 1.5752
40.0000 1.5771
41.0000 1.5811
42.0000 1.5838
43.0000 1.5861
44.0000 1.5913
45.0000 1.6012
46.0000 1.6017
47.0000 1.6042
48.0000 1.6099
49.0000 1.6111
50.0000 1.6140
51.0000 1.6193
52.0000 1.6261
53.0000 1.6310
54.0000 1.6298
55.0000 1.6289
56.0000 1.6353
57.0000 1.6407
58.0000 1.6417
59.0000 1.6424
60.0000 1.6564
61.0000 1.6590
62.0000 1.6614
63.0000 1.6636
64.0000 1.6647
65.0000 1.6647
66.0000 1.6647
67.0000 1.6647
68.0000 1.6647
69.0000 1.6647
70.0000 1.6647
71.0000 1.6647
72.0000 1.6647
73.0000 1.6647
74.0000 1.6647
75.0000 1.6647
76.0000 1.6647
77.0000 1.6647
78.0000 1.6647
79.0000 1.6647
80.0000 1.6647
81.0000 1.6647
82.0000 1.6647
83.0000 1.6647
84.0000 1.6647
85.0000 1.6647
86.0000 1.6647
87.0000 1.6647
88.0000 1.6647
89.0000 1.6647
90.0000 1.6647
91.0000 1.6647
92.0000 1.6647
93.0000 1.6647
94.0000 1.6647
95.0000 1.6647
96.0000 1.6647
97.0000 1.6647
98.0000 1.6647
99.0000 1.6647
