# Model 5: A = 0.988, B = 0.85
# Depth [m], Refractive Index
0.0000 1.2608
1.0000 1.2507
2.0000 1.2750
3.0000 1.3315
4.0000 1.2791
5.0000 1.3266
6.0000 1.3930
7.0000 1.3793
8.0000 1.3908
9.0000 1.3983
10.0000 1.4102
11.0000 1.4187
12.0000 1.4308
13.0000 1.4410
14.0000 1.4460
15.0000 1.4537
16.0000 1.4599
17.0000 1.4644
18.0000 1.4719
19.0000 1.4803
20.0000 1.4835
21.0000 1.4862
22.0000 1.4886
23.0000 1.4960
24.0000 1.5047
25.0000 1.5072
26.0000 1.5119
27.0000 1.5163
28.0000 1.5197
29.0000 1.5233
30.0000 1.5283
31.0000 1.5375
32.0000 1.5383
33.0000 1.5391
34.0000 1.5458
35.0000 1.5519
36.0000 1.5580
37.0000 1.5641
38.0000 1.5705
39.0000 1.5726
40.0000 1.5745
41.0000 1.5785
42.0000 1.5812
43.0000 1.5835
44.0000 1.5887
45.0000 1.5986
46.0000 1.5991
47.0000 1.6016
48.0000 1.6074
49.0000 1.6086
50.0000 1.6114
51.0000 1.6168
52.0000 1.6236
53.0000 1.6285
54.0000 1.6273
55.0000 1.6264
56.0000 1.6329
57.0000 1.6382
58.0000 1.6392
59.0000 1.6399
60.0000 1.6540
61.0000 1.6565
62.0000 1.6589
63.0000 1.6612
64.0000 1.6623
65.0000 1.6623
66.0000 1.6623
67.0000 1.6623
68.0000 1.6623
69.0000 1.6623
70.0000 1.6623
71.0000 1.6623
72.0000 1.6623
73.0000 1.6623
74.0000 1.6623
75.0000 1.6623
76.0000 1.6623
77.0000 1.6623
78.0000 1.6623
79.0000 1.6623
80.0000 1.6623
81.0000 1.6623
82.0000 1.6623
83.0000 1.6623
84.0000 1.6623
85.0000 1.6623
86.0000 1.6623
87.0000 1.6623
88.0000 1.6623
89.0000 1.6623
90.0000 1.6623
91.0000 1.6623
92.0000 1.6623
93.0000 1.6623
94.0000 1.6623
95.0000 1.6623
96.0000 1.6623
97.0000 1.6623
98.0000 1.6623
99.0000 1.6623
