# Model 3: A = 0.988, B = 0.845
# Depth [m], Refractive Index
0.0000 1.2592
1.0000 1.2492
2.0000 1.2733
3.0000 1.3295
4.0000 1.2774
5.0000 1.3246
6.0000 1.3906
7.0000 1.3770
8.0000 1.3884
9.0000 1.3959
10.0000 1.4077
11.0000 1.4162
12.0000 1.4282
13.0000 1.4384
14.0000 1.4433
15.0000 1.4509
16.0000 1.4572
17.0000 1.4616
18.0000 1.4691
19.0000 1.4774
20.0000 1.4806
21.0000 1.4833
22.0000 1.4856
23.0000 1.4930
24.0000 1.5016
25.0000 1.5041
26.0000 1.5088
27.0000 1.5132
28.0000 1.5165
29.0000 1.5202
30.0000 1.5251
31.0000 1.5343
32.0000 1.5351
33.0000 1.5359
34.0000 1.5425
35.0000 1.5486
36.0000 1.5547
37.0000 1.5607
38.0000 1.5670
39.0000 1.5692
40.0000 1.5711
41.0000 1.5751
42.0000 1.5777
43.0000 1.5800
44.0000 1.5852
45.0000 1.5950
46.0000 1.5956
47.0000 1.5980
48.0000 1.6037
49.0000 1.6050
50.0000 1.6078
51.0000 1.6131
52.0000 1.6199
53.0000 1.6247
54.0000 1.6235
55.0000 1.6226
56.0000 1.6291
57.0000 1.6344
58.0000 1.6354
59.0000 1.6361
60.0000 1.6500
61.0000 1.6526
62.0000 1.6550
63.0000 1.6572
64.0000 1.6583
65.0000 1.6583
66.0000 1.6583
67.0000 1.6583
68.0000 1.6583
69.0000 1.6583
70.0000 1.6583
71.0000 1.6583
72.0000 1.6583
73.0000 1.6583
74.0000 1.6583
75.0000 1.6583
76.0000 1.6583
77.0000 1.6583
78.0000 1.6583
79.0000 1.6583
80.0000 1.6583
81.0000 1.6583
82.0000 1.6583
83.0000 1.6583
84.0000 1.6583
85.0000 1.6583
86.0000 1.6583
87.0000 1.6583
88.0000 1.6583
89.0000 1.6583
90.0000 1.6583
91.0000 1.6583
92.0000 1.6583
93.0000 1.6583
94.0000 1.6583
95.0000 1.6583
96.0000 1.6583
97.0000 1.6583
98.0000 1.6583
99.0000 1.6583
