# Model 1: A = 1.0, B = 0.84
# Depth [m], Refractive Index
0.0000 1.2696
1.0000 1.2596
2.0000 1.2836
3.0000 1.3394
4.0000 1.2877
5.0000 1.3347
6.0000 1.4003
7.0000 1.3867
8.0000 1.3981
9.0000 1.4054
10.0000 1.4172
11.0000 1.4257
12.0000 1.4376
13.0000 1.4477
14.0000 1.4526
15.0000 1.4602
16.0000 1.4664
17.0000 1.4708
18.0000 1.4783
19.0000 1.4865
20.0000 1.4897
21.0000 1.4924
22.0000 1.4947
23.0000 1.5020
24.0000 1.5106
25.0000 1.5131
26.0000 1.5177
27.0000 1.5221
28.0000 1.5254
29.0000 1.5290
30.0000 1.5339
31.0000 1.5430
32.0000 1.5439
33.0000 1.5446
34.0000 1.5512
35.0000 1.5573
36.0000 1.5633
37.0000 1.5693
38.0000 1.5756
39.0000 1.5777
40.0000 1.5796
41.0000 1.5836
42.0000 1.5862
43.0000 1.5885
44.0000 1.5937
45.0000 1.6034
46.0000 1.6040
47.0000 1.6064
48.0000 1.6121
49.0000 1.6133
50.0000 1.6161
51.0000 1.6214
52.0000 1.6281
53.0000 1.6329
54.0000 1.6318
55.0000 1.6309
56.0000 1.6373
57.0000 1.6426
58.0000 1.6436
59.0000 1.6442
60.0000 1.6581
61.0000 1.6607
62.0000 1.6630
63.0000 1.6653
64.0000 1.6663
65.0000 1.6663
66.0000 1.6663
67.0000 1.6663
68.0000 1.6663
69.0000 1.6663
70.0000 1.6663
71.0000 1.6663
72.0000 1.6663
73.0000 1.6663
74.0000 1.6663
75.0000 1.6663
76.0000 1.6663
77.0000 1.6663
78.0000 1.6663
79.0000 1.6663
80.0000 1.6663
81.0000 1.6663
82.0000 1.6663
83.0000 1.6663
84.0000 1.6663
85.0000 1.6663
86.0000 1.6663
87.0000 1.6663
88.0000 1.6663
89.0000 1.6663
90.0000 1.6663
91.0000 1.6663
92.0000 1.6663
93.0000 1.6663
94.0000 1.6663
95.0000 1.6663
96.0000 1.6663
97.0000 1.6663
98.0000 1.6663
99.0000 1.6663
