# Model 6: A = 1.0, B = 0.508
# Depth [m], Refractive Index
0.0000 1.2542
1.0000 1.2445
2.0000 1.2680
3.0000 1.3232
4.0000 1.2721
5.0000 1.3185
6.0000 1.3843
7.0000 1.3706
8.0000 1.3820
9.0000 1.3895
10.0000 1.4015
11.0000 1.4100
12.0000 1.4221
13.0000 1.4325
14.0000 1.4375
15.0000 1.4453
16.0000 1.4516
17.0000 1.4562
18.0000 1.4638
19.0000 1.4723
20.0000 1.4756
21.0000 1.4784
22.0000 1.4808
23.0000 1.4884
24.0000 1.4973
25.0000 1.4998
26.0000 1.5047
27.0000 1.5092
28.0000 1.5127
29.0000 1.5164
30.0000 1.5215
31.0000 1.5311
32.0000 1.5319
33.0000 1.5328
34.0000 1.5396
35.0000 1.5460
36.0000 1.5523
37.0000 1.5586
38.0000 1.5653
39.0000 1.5675
40.0000 1.5695
41.0000 1.5737
42.0000 1.5765
43.0000 1.5789
44.0000 1.5843
45.0000 1.5946
46.0000 1.5952
47.0000 1.5978
48.0000 1.6038
49.0000 1.6051
50.0000 1.6081
51.0000 1.6137
52.0000 1.6209
53.0000 1.6260
54.0000 1.6248
55.0000 1.6238
56.0000 1.6307
57.0000 1.6363
58.0000 1.6374
59.0000 1.6381
60.0000 1.6530
61.0000 1.6557
62.0000 1.6583
63.0000 1.6607
64.0000 1.6618
65.0000 1.6618
66.0000 1.6618
67.0000 1.6618
68.0000 1.6618
69.0000 1.6618
70.0000 1.6618
71.0000 1.6618
72.0000 1.6618
73.0000 1.6618
74.0000 1.6618
75.0000 1.6618
76.0000 1.6618
77.0000 1.6618
78.0000 1.6618
79.0000 1.6618
80.0000 1.6618
81.0000 1.6618
82.0000 1.6618
83.0000 1.6618
84.0000 1.6618
85.0000 1.6618
86.0000 1.6618
87.0000 1.6618
88.0000 1.6618
89.0000 1.6618
90.0000 1.6618
91.0000 1.6618
92.0000 1.6618
93.0000 1.6618
94.0000 1.6618
95.0000 1.6618
96.0000 1.6618
97.0000 1.6618
98.0000 1.6618
99.0000 1.6618
