# Model 2: A = 1.0, B = 0.845
# Depth [m], Refractive Index
0.0000 1.2712
1.0000 1.2612
2.0000 1.2853
3.0000 1.3415
4.0000 1.2894
5.0000 1.3366
6.0000 1.4026
7.0000 1.3890
8.0000 1.4004
9.0000 1.4079
10.0000 1.4197
11.0000 1.4282
12.0000 1.4402
13.0000 1.4504
14.0000 1.4553
15.0000 1.4629
16.0000 1.4692
17.0000 1.4736
18.0000 1.4811
19.0000 1.4894
20.0000 1.4926
21.0000 1.4953
22.0000 1.4976
23.0000 1.5050
24.0000 1.5136
25.0000 1.5161
26.0000 1.5208
27.0000 1.5252
28.0000 1.5285
29.0000 1.5322
30.0000 1.5371
31.0000 1.5463
32.0000 1.5471
33.0000 1.5479
34.0000 1.5545
35.0000 1.5606
36.0000 1.5667
37.0000 1.5727
38.0000 1.5790
39.0000 1.5812
40.0000 1.5831
41.0000 1.5871
42.0000 1.5897
43.0000 1.5920
44.0000 1.5972
45.0000 1.6070
46.0000 1.6076
47.0000 1.6100
48.0000 1.6157
49.0000 1.6170
50.0000 1.6198
51.0000 1.6251
52.0000 1.6319
53.0000 1.6367
54.0000 1.6355
55.0000 1.6346
56.0000 1.6411
57.0000 1.6464
58.0000 1.6474
59.0000 1.6481
60.0000 1.6620
61.0000 1.6646
62.0000 1.6670
63.0000 1.6692
64.0000 1.6703
65.0000 1.6703
66.0000 1.6703
67.0000 1.6703
68.0000 1.6703
69.0000 1.6703
70.0000 1.6703
71.0000 1.6703
72.0000 1.6703
73.0000 1.6703
74.0000 1.6703
75.0000 1.6703
76.0000 1.6703
77.0000 1.6703
78.0000 1.6703
79.0000 1.6703
80.0000 1.6703
81.0000 1.6703
82.0000 1.6703
83.0000 1.6703
84.0000 1.6703
85.0000 1.6703
86.0000 1.6703
87.0000 1.6703
88.0000 1.6703
89.0000 1.6703
90.0000 1.6703
91.0000 1.6703
92.0000 1.6703
93.0000 1.6703
94.0000 1.6703
95.0000 1.6703
96.0000 1.6703
97.0000 1.6703
98.0000 1.6703
99.0000 1.6703
